%YAML:1.0
---
extrinsicTlc: !!opencv-matrix
   rows: 4
   cols: 4
   dt: d
   data: [ 2.6689664040734046e-02, -1.4052283556250661e-02,
       9.9954499406492336e-01, 8.5619278511895353e-02,
       -9.9903555546543232e-01, 3.4499775614704124e-02,
       2.7161082423391207e-02, 8.4389964780647187e-03,
       -3.4865753243948756e-02, -9.9930590852320589e-01,
       -1.3117943487539472e-02, -7.5815400626707843e-02, 0., 0., 0., 1. ]
RollPitchYaw: !!opencv-matrix
   rows: 3
   cols: 1
   dt: d
   data: [ -1.5839226277211356e+00, 3.4872821033100208e-02,
       -1.5440872502107472e+00 ]
txtytz: !!opencv-matrix
   rows: 3
   cols: 1
   dt: d
   data: [ 8.5619278511895353e-02, 8.4389964780647187e-03,
       -7.5815400626707843e-02 ]
