%YAML:1.0
---
intrinsicMatrix: !!opencv-matrix
   rows: 3
   cols: 3
   dt: d
   data: [ 5.908399e+02, 0., 3.259558e+02, 0.,
       5.896099e+02, 2.428256e+02, 0., 0., 1. ]
distCoeffs: !!opencv-matrix
   rows: 1
   cols: 5
   dt: d
   data: [ -4.108e-01, 1.9460e-01,
       0., 0.,
       0. ]
