%YAML:1.0
---
intrinsicMatrix: !!opencv-matrix
   rows: 3
   cols: 3
   dt: d
   data: [ 3.6900956e+02, 0., 3.303036e+02, 0.,
       3.679804e+02, 2.537024e+02, 0., 0., 1. ]
distCoeffs: !!opencv-matrix
   rows: 1
   cols: 5
   dt: d
   data: [ 4.24e-02, -5.53e-02,
       0., 0.,
       0. ]
