%YAML:1.0
---
intrinsicMatrix: !!opencv-matrix
   rows: 3
   cols: 3
   dt: d
   data: [ 3.571786e+02, 0., 3.146452e+02, 0.,
       3.558365e+02, 2.391140e+02, 0., 0., 1. ]
distCoeffs: !!opencv-matrix
   rows: 1
   cols: 5
   dt: d
   data: [ 3.93e-02, -4.32e-02,
       0., 0.,
       0. ]
